Total top-cell runs: 60

   N    M Seeds  Crafter%  mean_ach  CI95(ach)  steps  wall_s
--------------------------------------------------------------------------------
 128   20    30     24.61     11.27 +/-1.18  191.6    19.8
      seeds: [42, 43, 44, 45, 46, 47, 48, 49, 50, 51, 52, 53, 54, 55, 56, 57, 58, 59, 60, 61, 62, 63, 64, 65, 66, 67, 68, 69, 70, 71]
      blockers fired: NONE
 512   40    30     29.27     12.77 +/-1.04  239.3   125.3
      seeds: [42, 43, 44, 45, 46, 47, 48, 49, 50, 51, 52, 53, 54, 55, 56, 57, 58, 59, 60, 61, 62, 63, 64, 65, 66, 67, 68, 69, 70, 71]
      blockers fired: NONE

Saved: work/05_craftax/results/run007_top_cells_30seed.json
